-687
-859
-970
-789
-604
-348
132
442
741
957
1175
1329
1497
1715
1847
1616
1514
1473
1473
896
644
720
396
-24
-243
-354
-411
-491
-582
-650
-188
314
620
655
707
723
586
525
433
232
172
185
-20
-290
-462
-665
-954
-1310
-1633
-1870
-2020
-1901
-1770
-1593
-1147
-682
-398
-451
-442
-444
-631
-822
-1008
-1098
-1013
-897
-854
-955
-937
-846
-805
-859
-900
-906
-858
-670
-499
-373
-264
-90
178
115
-54
-260
-362
-796
-628
-502
-247
25
224
265
383
425
398
273
105
80
98
164
191
166
205
298
502
587
575
565
572
541
539
653
906
1198
1388
1410
1462
1495
1439
1302
1209
1185
1213
1317
1407
1521
1902
2269
2465
2487
2539
2527
2503
2539
2515
2370
2389
2481
2450
2312
2217
2182
2021
1766
1625
1547
1524
1585
1628
1693
2000
2337
2465
2445
2433
2384
2341
2376
2351
2219
2234
2324
2286
2143
2066
2037
1879
1633
1482
1405
1385
1426
1447
1483
1775
2086
2202
2191
2184
2133
2087
2113
1294
1149
1185
1311
1335
1267
1250
1233
1079
838
718
660
654
733
790
879
1206
1539
1647
1591
1538
1436
1349
1358
1330
1193
1214
1330
1350
1281
1272
1264
1118
876
747
685
667
742
805
890
1228
1568
1694
1634
1575
1458
1334
1220
1110
977
1033
1130
1169
1064
1025
1024
914
716
629
548
490
551
572
555
622
759
959
998
918
802
734
663
637
591
692
829
913
834
831
850
778
600
479
408
386
446
467
441
480
566
750
794
745
692
675
640
649
622
751
937
1042
1004
1010
1015
916
738
603
554
543
624
691
783
1143
1476
1624
1582
1549
1466
1391
1407
1382
1249
1283
1409
1426
1353
1330
1313
1154
903
769
703
683
753
809
893
1222
1566
1696
1646
1595
1500
1416
1421
1389
1252
1282
1409
1428
1360
1340
1316
1151
897
757
692
673
743
798
874
1198
1536
1661
1610
1556
1457
1380
1390
1344
1193
1219
1331
1330
1242
1216
1193
1041
798
667
600
574
638
694
775
1113
1460
1594
1554
1516
1436
1368
1385
1358
1229
1261
1390
1409
1336
1312
1295
1139
887
754
683
663
735
789
868
1202
1535
1651
1597
1542
1428
1310
1205
1108
986
1055
1163
1199
1081
1030
1037
916
700
598
523
465
513
539
511
579
706
898
934
862
763
709
594
538
520
676
817
898
823
822
845
783
619
506
432
394
431
446
413
447
523
692
733
678
624
607
-100
-98
-136
404
892
1003
967
979
994
896
720
667
623
613
697
766
853
1208
1530
1672
1633
1594
1509
1437
1460
1438
1304
1339
1472
1501
1441
1423
1409
1252
1002
868
804
785
856
911
992
1317
1655
1779
1724
1668
1570
1482
1486
1450
1308
1336
1470
1504
1449
1437
1411
1241
986
843
780
763
831
884
954
1269
1599
1715
1659
1597
1491
1415
1426
1368
1201
1223
1331
1330
1245
1222
1200
1053
816
689
626
594
654
710
788
1125
1471
1604
1564
1531
1457
1401
1423
1396
1265
1299
1438
1470
1410
1391
1379
1226
974
842
774
753
826
878
954
1285
1612
1718
1659
1602
1484
1360
1249
1157
1025
1091
1200
1244
1127
1077
1089
959
736
630
561
488
537
563
531
601
728
916
943
861
759
700
620
587
542
645
798
893
832
838
867
813
651
542
462
417
439
453
417
449
518
678
712
649
588
575
483
-136
-173
473
881
1016
1002
1029
1055
960
789
