817
813
816
825
838
863
920
976
998
1020
1040
1054
1055
1050
1048
1043
1028
1018
1014
1012
1002
987
943
908
888
885
891
904
918
942
999
1053
1071
1082
1091
1094
1099
1096
1097
1094
1081
1074
1050
1026
990
972
926
887
831
795
769
745
724
719
719
740
742
735
739
739
756
783
811
827
835
871
889
919
940
945
924
914
819
830
839
856
870
871
897
935
956
1013
1044
1043
1044
1053
1051
1047
1054
1053
1059
1078
1070
1058
1006
958
923
893
869
860
845
835
825
842
870
902
926
937
925
927
902
906
913
933
946
957
957
942
921
890
882
879
890
904
913
939
978
1035
1052
1068
1069
1072
1072
1071
1074
1073
1066
1065
1057
1054
1044
1043
1014
993
965
960
959
960
963
977
1020
1062
1072
1085
1094
1099
1104
1104
1106
1106
1099
1098
1090
1085
1071
1065
1031
1005
974
964
959
957
957
969
1010
1050
1058
1065
1070
1070
1072
1068
982
980
973
973
968
967
961
953
918
892
863
855
851
854
858
874
921
968
982
991
997
995
994
986
982
981
974
975
968
968
962
953
919
892
863
856
853
855
860
876
924
974
996
999
1007
1004
998
990
979
975
958
968
964
966
962
950
912
886
792
789
786
786
787
780
806
848
874
925
951
941
935
938
927
917
918
915
919
938
929
918
868
827
804
791
786
785
782
784
788
819
865
902
930
944
933
935
909
904
904
918
925
932
926
907
881
850
841
839
851
859
863
883
922
978
994
1008
1005
1003
996
987
982
981
973
974
968
967
961
953
918
892
864
856
852
856
860
877
925
972
986
995
1001
998
997
989
983
982
974
975
968
969
962
954
919
894
865
858
856
859
864
880
928
976
990
1000
1005
1001
999
991
985
982
975
975
969
969
962
955
920
894
865
858
854
858
862
879
926
973
987
997
1002
1000
997
988
983
981
973
974
967
967
960
953
917
891
861
853
850
852
856
873
919
971
993
996
1003
1001
993
985
974
968
952
961
957
959
954
942
904
878
786
784
780
780
782
774
800
843
869
920
946
938
931
934
924
913
915
911
914
933
923
911
861
820
797
783
779
779
774
777
782
815
860
898
926
940
928
930
903
899
897
911
919
925
920
900
873
841
831
829
840
849
854
875
915
971
989
1003
1001
999
991
984
978
978
970
969
964
964
956
949
913
887
859
851
847
850
855
871
919
966
981
990
996
993
992
984
978
976
969
968
961
960
953
944
908
882
853
845
842
845
849
866
914
962
978
987
993
991
990
982
977
976
968
968
962
961
954
946
911
884
856
848
845
847
851
868
916
964
979
988
994
991
990
981
976
975
966
966
960
959
952
944
908
882
852
845
841
844
849
865
914
966
989
992
1000
997
990
981
969
964
947
956
951
953
949
936
898
870
787
785
782
781
783
776
803
844
871
922
948
940
934
937
927
918
919
915
918
935
925
913
862
821
797
783
779
778
774
777
781
814
859
898
926
940
930
931
905
901
899
912
920
928
921
900
873
839
