641.352
695.24
764.792
846.456
918.224
1019.872
1183.52
1419.072
1475.512
1491.184
1494.408
1469.96
1439.968
1397.424
1345.984
1346.208
1350.768
1364.984
1371.424
1414.872
1397.992
1366.216
1268.552
1167.672
1203.352
1226.24
1256.792
1308.456
1338.224
1389.76
1527.52
1729.072
1743.512
1740.184
1726.408
1689.96
1679.968
1668.424
1648.984
1603.208
1546.768
1491.984
1365.424
1277.872
1138.992
1019.216
873.552
751.672
716.352
677.24
657.792
685.456
702.224
753.76
880.52
1088.072
1149.512
1211.184
1295.408
1362.96
1339.968
1336.424
1380.984
1365.208
1342.768
1342.984
1322.424
1321.984
1295.992
1212.216
1137.552
1080.672
1082.096
1095.104
1111.104
1175.992
1215.312
1232.192
1229.08
1195.856
1321.744
1446.856
1492.192
1489.088
1474.648
1441.32
1409.32
1410.096
1394.424
1363.864
1338.08
1272.968
1198.744
1117.632
1053.968
986.416
928.096
865.104
812.216
810.992
799.312
811.192
808.08
794.856
867.744
1011.856
1075.192
1120.088
1157.648
1169.32
1191.208
1176.096
1231.424
1255.864
1231.08
1293.968
1242.744
1175.632
1103.968
1008.416
1008.424
983.2
992.312
1007.88
1022.2
1074.4
1248.592
1439.136
1528.464
1556.464
1573.352
1548.68
1538.136
1543.704
1542.376
1532.712
1523.704
1523.256
1476.584
1474.472
1427.04
1367.392
1265.4
1175.96
1160.424
1135.2
1128.312
1147.88
1151.088
1185.4
1320.592
1530.136
1563.464
1570.464
1570.352
1544.68
1540.136
1535.704
1528.376
1520.712
1514.704
1518.256
1477.584
1479.472
1435.04
1369.392
1261.288
1166.96
1146.424
1117.2
1106.312
1118.88
1116.088
1143.4
1271.592
1473.136
1498.464
1502.352
1498.352
1469.68
1461.136
1453.704
1186.376
1177.712
1176.704
1190.256
1156.584
1170.472
1137.04
1056.392
935.4
833.96
808.424
779.2
765.312
794.88
808.088
859.4
1017.592
1249.136
1305.464
1313.352
1306.352
1268.68
1242.136
1217.704
1186.376
1177.712
1175.704
1189.256
1157.584
1169.36
1137.04
1055.28
934.288
832.96
808.424
779.2
765.312
794.88
808.088
859.4
1016.592
1241.136
1301.464
1310.352
1301.352
1262.68
1176.136
1114.592
1105.376
1098.712
1090.704
1113.256
1078.584
1065.36
1027.928
942.28
866.288
816.96
787.272
777.384
769.16
812.496
831.496
838.384
852.712
845.6
1003.048
1104.72
1126.832
1098.056
1058.392
1005.616
954.728
962.728
969.84
971.392
983.944
963.608
931.72
865.72
822.72
787.944
762.272
739.272
722.16
733.496
734.496
766.384
787.712
799.6
899.048
1012.72
1036.832
1035.056
1020.392
983.728
955.84
936.728
994.84
1025.504
1007.944
1079.608
1038.72
956.72
872.832
772.056
769.424
747.2
757.312
771.88
783.2
840.4
1024.592
1225.136
1326.464
1342.464
1341.352
1290.68
1250.136
1225.704
1192.376
1182.712
1181.704
1194.256
1161.584
1174.472
1141.04
1059.392
936.4
834.96
811.424
781.2
767.312
796.88
810.088
861.4
1019.592
1252.136
1308.464
1316.464
1310.352
1271.68
1245.136
1219.704
1187.376
1176.712
1176.704
1188.256
1156.584
1169.472
1135.04
1054.392
931.288
829.96
806.424
777.2
763.312
792.88
807.088
858.4
1016.592
1250.136
1306.464
1315.352
1310.352
1271.68
1245.136
1220.704
1187.376
1178.712
1177.704
1189.256
1157.584
1170.472
1137.04
1056.392
933.4
832.96
807.424
779.2
764.312
794.88
808.088
860.4
1017.592
1251.136
1307.464
1315.352
1309.352
1271.68
1244.136
1218.704
1185.376
1176.712
1174.704
1187.256
1153.584
1166.36
1133.04
1050.28
928.288
826.96
801.424
773.2
757.312
786.88
800.088
851.4
1008.592
1234.136
1295.464
1303.352
1294.352
1254.68
1167.136
1104.592
1093.376
1084.712
1076.704
1098.256
1062.584
1048.36
1011.928
924.28
847.288
797.96
768.272
758.384
749.16
792.496
811.496
818.384
833.712
825.6
984.048
1085.72
1106.832
1078.056
1037.392
982.616
930.728
936.728
943.84
944.392
955.944
934.608
902.72
834.72
791.72
754.944
730.272
707.272
690.16
702.496
701.496
734.384
755.712
768.6
870.048
983.72
1007.832
1005.056
990.392
952.728
923.84
902.728
959.84
991.504
972.944
1042.608
1001.72
919.72
835.832
735.056
726.064
705.84
714.952
729.52
739.84
799.04
984.232
1186.776
1289.104
1306.104
1304.992
1255.32
1212.776
1187.344
1154.016
1142.352
1141.344
1153.896
1121.224
1134.112
1099.68
1017.032
895.04
793.6
769.064
740.84
725.952
756.52
769.728
822.04
980.232
1214.776
1273.104
1282.104
1275.992
1237.32
1208.776
1184.344
1149.016
1139.352
1137.344
1148.896
1116.224
1129.112
1094.68
1012.032
889.928
787.6
763.064
734.84
719.952
750.52
763.728
816.04
975.232
1209.776
1266.104
1275.992
1270.992
1231.32
1203.776
1178.344
1144.016
1133.352
1130.344
1142.896
1110.224
1123.112
1088.68
1006.032
883.04
781.6
757.064
728.84
713.952
744.52
757.728
811.04
969.232
1203.776
1261.104
1270.992
1265.992
1226.32
1198.776
1173.344
1139.016
1127.352
1125.344
1136.896
1104.224
1117
1082.68
999.92
877.928
775.6
752.064
723.84
707.952
739.52
752.728
806.04
965.232
1191.776
1254.104
1263.992
1255.992
1217.32
1127.776
1065.232
1052.016
1043.352
1034.344
1055.896
1019.224
1005
968.568
879.92
802.928
753.6
725.912
717.024
708.8
753.136
773.136
781.024
797.352
791.24
950.688
1054.36
1077.472
1048.696
1005.032
950.256
897.368
902.368
908.48
909.032
919.584
899.248
866.36
798.36
754.36
717.584
692.912
670.912
653.8
665.136
666.136
699.024
723.352
736.24
838.688
954.36
978.472
975.696
959.032
920.368
890.48
868.368
925.48
956.144
937.584
1007.248
965.36
881.36
797.472
696.696
