2693
2591
2553
2549
2580
2716
3122
3598
3688
3658
3628
3582
3572
3545
3523
3500
3515
3497
3474
3519
3551
3490
3294
3035
2831
2727
2687
2682
2710
2845
3249
3723
3810
3777
3744
3696
3681
3650
3623
3592
3599
3572
3539
3573
3592
3520
3311
3040
2825
2710
2659
2644
2664
2790
3186
3649
3742
3705
3675
3624
3572
3496
3442
3400
3370
3338
3326
3335
3319
3223
3063
2892
2797
2668
2603
2574
2574
2596
2649
2776
2993
3208
3300
3279
3224
3170
3108
3065
3058
3100
3143
3166
3137
3069
2950
2824
2690
2594
2549
2533
2537
2558
2589
2659
2816
3013
3126
3155
3136
3097
3072
3066
3088
3130
3168
3267
3330
3288
3138
2921
2682
2596
2562
2564
2606
2753
3176
3634
3728
3690
3657
3600
3579
3550
3525
3497
3507
3484
3456
3496
3522
3457
3255
2990
2781
2672
2627
2617
2641
2772
3173
3645
3730
3696
3664
3616
3602
3574
3549
3522
3533
3510
3483
3523
3550
3485
3283
3019
2810
2700
2655
2645
2669
2801
3201
3673
3758
3724
3691
3643
3630
3601
3576
3549
3560
3538
3512
3553
3582
3517
3317
3054
2846
2737
2694
2685
2711
2843
3245
3718
3804
3771
3738
3690
3676
3646
3620
3592
3602
3579
3552
3592
3620
3555
3353
3090
2881
2772
2728
2719
2745
2878
3281
3751
3850
3819
3795
3748
3700
3628
3578
3540
3513
3485
3477
3491
3479
3387
3232
3065
2982
2857
2796
2772
2775
2799
2855
2984
3203
3421
3517
3500
3452
3404
3348
3310
3306
3351
3395
3418
3388
3319
3199
3071
2935
2837
2790
2773
2775
2793
2822
2888
3043
3238
3350
3381
3363
3326
3304
3301
3324
3367
3406
3505
3567
3524
3374
3156
2906
2818
2781
2780
2817
2961
3380
3835
3924
3883
3846
3786
3762
3730
3702
3672
3679
3654
3625
3663
3689
3622
3419
3154
2944
2833
2788
2777
2802
2933
3333
3805
3890
3855
3821
3771
3756
3725
3697
3668
3677
3653
3624
3664
3690
3625
3423
3159
2950
2841
2798
2790
2816
2950
3353
3827
3914
3881
3850
3802
3789
3760
3735
3707
3717
3695
3667
3707
3735
3670
3468
3204
2996
2887
2843
2833
2858
2990
3392
3864
3949
3915
3882
3832
3818
3787
3761
3732
3740
3716
3687
3726
3752
3686
3483
3217
3007
2896
2849
2838
2862
2992
3392
3859
3956
3923
3897
3850
3802
3730
3680
3642
3616
3588
3580
3594
3582
3490
3334
3166
3086
2960
2898
2872
2873
2896
2950
3077
3294
3510
3605
3587
3538
3490
3434
3396
3393
3438
3482
3506
3476
3408
3288
3160
3025
2927
2880
2863
2865
2883
2912
2979
3133
3329
3441
3471
3452
3415
3392
3388
3410
3452
3490
3589
3651
3608
3457
3238
2985
2896
2860
2859
2899
3044
3465
3922
4014
3974
3940
3881
3859
3829
3803
3774
3784
3760
3732
3772
3799
3733
3531
3267
3058
2949
2904
2895
2920
3052
3454
3927
4012
3978
3946
3897
3883
3853
3827
3798
3808
3784
3756
3796
3823
3757
3555
3291
3083
2974
2930
2921
2946
3078
3481
3954
4040
4006
3974
3925
3912
3882
3856
3828
3838
3815
3787
3827
3854
3788
3586
3322
3113
3003
2958
2948
2973
3104
3505
3976
4061
4027
3993
3944
3929
3899
3873
3844
3854
3830
3802
3842
3869
3803
3601
3337
3129
3019
2975
2965
2990
3121
3522
3990
4088
4056
4031
3984
3936
3865
3815
3777
3751
3724
3716
3729
3717
3625
3469
3302
3227
3102
3040
3015
3017
3041
3096
3224
3442
3660
3756
3739
3691
3643
3589
3551
3549
3595
3639
3664
3634
3566
3446
3318
3182
3084
3037
3019
3021
3039
3068
3134
3288
3484
3596
3626
3607
3570
3548
3544
3567
3610
3649
3748
3811
3769
3619
3401
