3885
3651
3570
3576
3850
4619
4808
5055
5029
4985
4962
4882
4800
4686
4204
4553
4536
4517
4762
4957
4608
4403
4089
3731
3680
3462
3400
3413
3679
4435
4647
4872
4863
4827
4803
4744
4474
4533
4063
4400
4329
4282
4505
4747
4471
4281
3978
3657
3609
3419
3350
3389
3684
4484
4702
4955
4951
4884
4846
4762
4693
4529
4049
4396
4355
4315
4498
4705
4436
4288
3997
3662
3165
2990
2947
2955
3046
3230
3313
3594
3665
3676
3694
3665
3604
3560
3574
3653
3783
3882
4083
4199
3987
3686
3788
3477
3050
2873
2824
2810
2843
2903
2894
3086
3152
3335
3461
3461
3386
3333
3318
3347
3454
3548
3819
4062
3872
3724
3868
3542
2833
2693
2643
2699
3087
4375
4853
4941
4890
4844
4716
4674
4667
4678
4119
4745
4715
4646
4840
5091
4367
3716
3645
3273
2923
2750
2714
2764
3153
4410
4895
4947
4901
4829
4721
4688
4646
4664
4155
4807
4798
4733
4949
5227
4473
3787
3667
3262
2935
2762
2712
2756
3140
4423
4889
4955
4904
4853
4741
4687
4657
4666
4147
4804
4818
4795
5037
5277
4487
3789
3690
3279
2939
2785
2756
2804
3181
4452
4943
4984
4952
4909
4796
4765
4544
4730
4221
4870
4828
4776
4994
5282
4567
3884
3787
3408
3064
2929
2885
2953
3351
4659
5145
5209
5172
5090
4956
4891
4866
4815
4288
4936
4918
4861
5030
5273
4555
3909
3825
3431
3459
3268
3211
3229
3320
3502
3596
3909
3989
3999
4016
3992
3938
3884
3899
3974
4093
4187
4381
4510
4289
3987
4076
3738
3301
3103
3036
3029
3061
3115
3114
3335
3409
3591
3718
3722
3652
3591
3576
3602
3698
3788
4055
4313
4119
3972
4105
3754
3021
2877
2826
2883
3277
4581
5072
5166
5117
5071
4941
4898
4888
4895
4333
4954
4922
4849
5046
5301
4568
3908
3832
3450
3069
2891
2854
2904
3298
4568
5063
5120
5075
5002
4894
4859
4813
4828
4316
4964
4953
4887
5107
5390
4629
3937
3814
3402
3053
2878
2829
2875
3266
4563
5040
5112
5064
5014
4902
4847
4815
4820
4296
4951
4964
4940
5185
5430
4634
3931
3830
3412
3145
2973
2900
2942
3329
4713
5302
5128
4992
4919
4785
4723
4702
4735
4216
4913
5010
5225
5463
5338
4483
3899
3900
3582
3289
3110
3059
3124
3532
4928
5509
5335
5189
5105
4964
4862
4807
4770
4228
4929
5039
5306
5517
5351
4485
3921
3973
3646
3687
3492
3397
3383
3468
3791
3981
4081
4058
4059
4046
3990
3934
3904
3935
4067
4308
4760
4960
4644
4250
3991
4213
3947
3534
3306
3182
3185
3222
3438
3511
3535
3546
3695
3785
3754
3687
3622
3642
3772
4035
4352
4575
4369
4042
3994
4176
3830
2960
2804
2753
2804
3221
4653
5231
5025
4919
4824
4671
4592
4568
4589
4069
4774
4875
5074
5305
5187
4328
3771
3748
3402
3063
2893
2832
2875
3262
4657
5224
5026
4904
4839
4698
4618
4576
4602
4087
4793
4915
5127
5383
5242
4352
3749
3720
3383
3056
2877
2799
2860
3263
4637
5201
5038
4899
4815
4672
4602
4568
4591
4075
4783
4919
5178
5457
5317
4385
3770
3759
3427
3106
2931
2857
2901
3295
4696
5298
5126
4992
4919
4786
4723
4700
4731
4209
4905
5003
5221
5464
5337
4474
3886
3885
3562
3283
3100
3049
3117
3532
4947
5543
5371
5228
5144
5004
4901
4844
4805
4261
4962
5074
5348
5564
5397
4523
3955
4008
3674
3952
3752
3655
3643
3731
4061
4256
4358
4341
4345
4334
4278
4222
4191
4224
4359
4606
5070
5275
4953
4552
4290
4514
4241
3833
3599
3471
3473
3511
3731
3804
3825
3838
3989
4082
4049
3981
3916
3938
4072
4342
4668
4897
4687
4355
4307
4491
4139
