2020.574
1895.005
1875.729
1858.022
1938.763
2277.814
3243.865
4224.589
4486.744
4540.158
4610.296
4601.02
4601.141
4568.538
4548.383
4563.521
4489.366
4600.383
4596.538
4724.814
4682.504
4248.642
3539.349
2931.039
1654.574
1483.005
1408.729
1368.022
1413.763
1711.245
2565.865
3418.589
3539.744
3535.158
3555.296
3506.02
3447.141
3357.538
3285.383
3137.521
2898.366
2848.383
2755.538
2810.814
2716.504
2299.642
1627.349
1070.039
768.574
656.005
645.729
575.022
601.763
885.245
1753.865
2626.589
2810.744
2787.158
2766.296
2646.02
2467.141
2223.538
2034.383
1748.521
1570.366
1530.383
1449.538
1414.383
1263.504
838.642
317.349
-183.961
-663.048
-889.927
-986.927
-989.496
-936.031
-822.721
-697.29
-350.428
209.003
1502.572
1764.279
1806.831
1760.676
1641.09
779.09
690.952
722.538
870.693
954.71
1007.141
932.003
606.434
179.141
-155.583
-391.048
-541.927
-615.358
-586.496
-557.031
-501.721
-411.29
-166.428
338.003
853.572
1214.279
1425.831
1498.676
1433.09
1405.521
1380.952
1428.538
1603.693
1813.71
2094.141
2029.003
1531.434
952.141
446.417
311.538
181.4
127.969
159.935
269.4
651.175
1650.829
2664.432
2978.018
3058.018
3128.449
3113.035
3064.432
2996.398
2943.812
2873.519
2675.398
2675.122
2558.708
2577.139
2439.105
1997.054
1277.175
658.02
299.538
111.4
29.969
-15.065
24.831
322.175
1258.829
2213.432
2485.018
2551.018
2640.449
2654.035
2639.432
2587.398
2552.812
2475.519
2302.398
2325.122
2233.708
2277.139
2163.105
1763.054
1084.606
504.02
185.538
36.4
-5.03099999999998
2.93500000000003
96.831
448.175
1439.829
2450.432
2747.018
2794.449
2863.449
2854.035
2817.432
2741.398
2403.812
2348.519
2206.398
2266.122
2217.708
2305.139
2237.105
1808.054
1102.175
500.02
164.538
1.40000000000003
-51.031
-52.065
31.831
376.175
1361.829
2367.432
2660.018
2681.449
2721.449
2684.035
2621.432
2527.398
2450.812
2394.519
2250.398
2309.122
2259.708
2345.57
2277.105
1844.485
1137.606
534.02
197.538
33.4
-21.031
-23.065
59.831
404.175
1388.829
2374.432
2663.018
2675.449
2683.449
2580.035
2437.432
2211.829
2031.812
1857.519
1775.398
1818.122
1752.708
1719.57
1566.536
1208.485
736.606
280.02
-109.636
-325.067
-409.205
-451.498
-437.498
-366.067
-216.481
155.95
740.226
1221.64
1427.209
1420.347
1341.054
1200.192
1059.761
954.761
981.33
1128.054
1218.778
1281.071
1221.64
873.64
420.64
63.778
-197.636
-365.636
-449.205
-454.498
-451.498
-425.067
-368.481
-150.05
330.226
786.64
1083.209
1228.347
1245.054
1131.761
1066.33
1045.761
1109.33
1305.623
1537.778
1840.071
1798.64
1297.64
715.209
212.347
63.538
-53.6
-93.031
-64.065
41.4
420.175
1420.829
2435.432
2749.018
2799.018
2834.449
2784.035
2700.432
2604.398
2526.812
2468.519
2321.398
2378.122
2323.708
2408.139
2336.105
1902.054
1192.175
584.02
244.538
78.4
22.969
19.935
101.831
446.175
1431.829
2437.432
2729.018
2752.018
2791.449
2755.035
2692.432
2599.398
2523.812
2469.519
2325.398
2386.122
2336.708
2426.139
2359.105
1930.054
1224.606
624.02
290.538
129.4
78.969
79.935
166.831
514.175
1501.829
2510.432
2805.018
2830.449
2872.449
2836.035
2775.432
2682.398
2608.812
2553.519
2410.398
2472.122
2421.708
2510.139
2442.105
2012.054
1305.175
701.02
363.538
200.4
143.969
141.935
223.831
567.175
1548.829
2552.432
2842.018
2860.449
2898.449
2858.035
2792.432
2695.398
2617.812
2559.519
2413.398
2470.122
2417.708
2502.57
2433.105
2000.485
1290.606
686.02
347.538
183.4
126.969
123.935
205.831
548.175
1531.829
2514.432
2802.018
2814.449
2819.449
2715.035
2570.432
2341.829
2161.812
1984.519
1901.398
1942.122
1876.708
1840.57
1685.536
1326.485
852.606
393.02
18.364
-200.067
-288.205
-335.498
-325.498
-258.067
-113.481
254.95
834.226
1312.64
1514.209
1504.347
1421.054
1277.192
1134.761
1027.761
1052.33
1198.054
1287.778
1348.071
1287.64
938.64
485.64
127.778
-131.636
-296.636
-380.205
-382.498
-377.498
-350.067
-291.481
-72.05
410.226
867.64
1165.209
1311.347
1329.054
1216.761
1152.33
1131.761
1197.33
1393.623
1627.778
1929.071
1887.64
1386.64
804.209
300.347
118.468
2.33000000000001
-37.101
-7.13499999999999
100.33
482.105
1485.759
2503.362
2820.948
2873.948
2912.379
2864.965
2785.362
2691.328
2617.742
2563.449
2420.328
2483.052
2434.638
2525.069
2458.035
2029.984
1324.105
723.95
390.468
230.33
126.899
77.865
112.761
411.105
1347.759
2306.362
2550.948
2523.948
2514.379
2426.965
2312.362
2167.328
2040.742
1932.449
1736.328
1744.052
1641.638
1675.069
1553.035
1069.984
309.536
-347.05
-737.532
-901.67
-958.101
-962.135
-881.239
-537.895
444.759
1447.362
1737.948
1757.379
1795.379
1756.965
1692.362
1597.328
1520.742
1465.449
1322.328
1383.052
1334.638
1424.069
1357.035
927.984
222.105
-380.05
-714.532
-875.67
-929.101
-929.135
-844.239
-499.895
485.759
1491.362
1782.948
1805.379
1844.379
1805.965
1743.362
1648.328
1572.742
1516.449
1371.328
1430.052
1379.638
1463.5
1394.035
960.415
250.536
-353.05
-691.532
-855.67
-912.101
-914.135
-832.239
-489.895
494.759
1481.362
1769.948
1783.379
1789.379
1684.965
1540.362
1312.759
1131.742
957.449
874.328
917.052
851.638
818.5
665.466
307.415
-164.464
-622.05
-957.706
-1173.137
-1258.275
-1300.568
-1286.568
-1214.137
-1064.551
-693.12
-108.844
372.57
576.139
568.277
485.984
341.122
199.691
91.691
116.26
262.984
353.708
415.001
353.57
5.57000000000005
-447.43
-805.292
-1065.706
-1232.706
-1316.275
-1319.568
-1316.568
-1290.137
-1232.551
-1013.12
-531.844
-75.43
220.139
366.277
382.984
267.691
203.26
183.691
247.26
444.553
678.708
981.001
940.57
439.57
-143.861
-646.723
