3818
3770
3756
3764
3808
3889
4124
4415
4477
4463
4452
4421
4398
4363
4379
4354
4341
4311
4310
4336
4359
4305
4166
3996
3882
3822
3796
3790
3818
3883
4103
4379
4427
4403
4385
4350
4325
4292
4310
4286
4274
4244
4243
4270
4294
4240
4101
3931
3817
3757
3731
3727
3759
3828
4054
4332
4397
4370
4366
4319
4284
4251
4226
4179
4141
4122
4131
4142
4132
4074
3983
3885
3863
3802
3773
3772
3771
3787
3822
3885
3995
4119
4170
4154
4123
4103
4073
4058
4065
4089
4119
4141
4126
4075
3998
3932
3856
3813
3778
3771
3771
3785
3803
3817
3918
4039
4093
4093
4078
4071
4050
4040
4039
4045
4069
4125
4171
4145
4047
3934
3778
3735
3720
3727
3766
3844
4071
4360
4436
4410
4413
4374
4354
4322
4341
4319
4308
4280
4282
4311
4339
4287
4151
3983
3872
3814
3789
3787
3819
3888
4113
4394
4447
4426
4412
4380
4357
4326
4345
4324
4314
4288
4292
4323
4353
4303
4169
4003
3894
3837
3815
3813
3846
3917
4142
4423
4477
4456
4443
4411
4389
4357
4378
4357
4347
4321
4324
4355
4384
4333
4199
4032
3921
3864
3841
3839
3873
3944
4171
4454
4508
4488
4474
4441
4417
4384
4402
4379
4367
4339
4341
4371
4400
4349
4214
4048
3938
3881
3858
3857
3891
3963
4189
4469
4535
4509
4507
4462
4430
4400
4378
4333
4296
4278
4286
4296
4285
4225
4132
4032
3994
3931
3901
3898
3896
3910
3943
4004
4113
4236
4287
4272
4242
4224
4197
4184
4193
4218
4248
4271
4256
4205
4128
4061
3983
3938
3901
3893
3890
3902
3918
3930
4029
4148
4202
4201
4186
4180
4159
4149
4149
4156
4180
4236
4281
4255
4157
4044
3900
3857
3840
3845
3881
3956
4180
4467
4540
4511
4511
4469
4446
4411
4426
4402
4389
4359
4360
4389
4416
4364
4227
4059
3947
3889
3866
3864
3899
3971
4198
4481
4537
4518
4505
4473
4451
4419
4438
4416
4406
4379
4383
4413
4442
4393
4259
4093
3984
3928
3907
3906
3941
4013
4239
4522
4576
4556
4542
4509
4486
4453
4471
4449
4437
4409
4411
4441
4468
4417
4281
4113
4002
3944
3920
3917
3950
4020
4245
4526
4580
4559
4544
4511
4487
4454
4471
4448
4437
4408
4410
4440
4467
4415
4280
4112
4001
3943
3919
3916
3948
4018
4243
4520
4584
4557
4554
4508
4475
4446
4425
4380
4344
4326
4335
4346
4335
4276
4184
4085
4042
3980
3950
3947
3945
3960
3993
4055
4163
4287
4338
4322
4293
4275
4248
4234
4244
4269
4299
4322
4307
4256
4178
4111
4033
3988
3951
3942
3939
3951
3966
3977
4076
4194
4248
4246
4231
4224
4203
4193
4192
4198
4221
4277
4321
4295
4196
4083
3943
3899
3883
3890
3928
4007
4234
4523
3901
3875
3878
3839
3819
3786
3804
3782
3772
3745
3748
3778
3807
3757
3623
3457
3347
3291
3268
3267
3301
3372
3598
3880
3934
3914
3899
3866
3842
3809
3826
3803
3792
3763
3764
3793
3821
3769
3634
3466
3356
3299
3276
3274
3308
3379
3606
3888
3943
3923
3909
3877
3855
3822
3841
3820
3809
3783
3786
3817
3846
3796
3661
3495
3384
3326
3302
3300
3332
3402
3627
3907
3960
3938
3923
3889
3865
3832
3850
4527
4515
4486
4488
4517
4544
4493
4357
4190
4080
4023
4000
3998
4032
4103
4329
4608
4673
4647
4645
4599
4567
4537
4516
4471
4435
4417
4426
4436
4426
4366
4274
4173
4120
4058
4027
4024
4021
4035
4068
4129
4238
4362
4413
4398
4369
4352
4326
4313
4323
4349
4380
4404
4390
4339
4263
4196
4119
4075
4038
4030
4028
4040
4056
4067
4166
4285
4338
4336
4320
4313
4292
4281
4280
4285
4309
4365
4410
4384
4285
4172
