1888
1854
1841
1841
1857
1890
2021
2196
2259
2254
2249
2231
2216
2213
2210
2201
2194
2184
2182
2198
2207
2189
2119
2017
1948
1915
1904
1905
1921
1954
2085
2260
2322
2318
2312
2294
2279
2277
2274
2265
2256
2244
2240
2252
2258
2236
2162
2056
1983
1945
1930
1927
1939
1967
2093
2264
2326
2318
2306
2284
2266
2257
2244
2205
2187
2183
2185
2190
2179
2143
2084
2017
2001
1980
1966
1964
1962
1967
1968
2002
2056
2092
2114
2101
2083
2071
2067
2067
2077
2090
2100
2107
2091
2072
2047
2018
2002
1981
1973
1968
1974
1979
1981
1992
2020
2058
2072
2071
2067
2066
2062
2065
2066
2068
2080
2100
2115
2096
2075
2031
1947
1908
1900
1910
1922
1966
2113
2300
2377
2376
2366
2335
2312
2308
2304
2293
2283
2271
2266
2280
2286
2265
2192
2086
2014
1977
1962
1960
1973
2003
2131
2304
2364
2357
2349
2330
2314
2310
2306
2296
2287
2275
2272
2285
2292
2272
2199
2094
2021
1985
1971
1968
1982
2012
2140
2312
2371
2364
2357
2338
2322
2319
2316
2307
2299
2288
2285
2300
2308
2289
2216
2112
2040
2004
1990
1988
2001
2031
2160
2332
2392
2385
2378
2359
2343
2340
2337
2327
2319
2308
2305
2319
2327
2307
2235
2130
2058
2022
2008
2005
2019
2049
2177
2349
2413
2406
2395
2373
2355
2347
2334
2295
2276
2272
2274
2279
2268
2232
2173
2106
2053
2032
2018
2016
2015
2019
2021
2054
2108
2144
2166
2152
2135
2123
2120
2121
2131
2144
2154
2160
2144
2124
2099
2070
2053
2032
2024
2018
2024
2028
2030
2040
2067
2105
2118
2117
2114
2113
2109
2113
2113
2115
2128
2148
2163
2144
2123
2078
2030
1990
1981
1990
2000
2042
2188
2373
2448
2446
2435
2403
2380
2376
2371
2361
2351
2339
2335
2349
2356
2335
2262
2156
2084
2047
2033
2030
2043
2073
2201
2373
2433
2425
2417
2398
2381
2377
2373
2362
2353
2341
2337
2351
2358
2338
2265
2159
2087
2050
2037
2035
2049
2080
2208
2382
2442
2435
2428
2410
2393
2390
2386
2376
2367
2355
2352
2366
2373
2353
2280
2175
2103
2066
2053
2051
2064
2094
2222
2395
2455
2448
2440
2421
2404
2400
2396
2385
2376
2364
2359
2373
2379
2359
2285
2179
2107
2069
2055
2052
2065
2095
2222
2394
2457
2450
2438
2416
2397
2388
2376
2336
2318
2314
2316
2321
2310
2274
2215
2149
2077
2056
2042
2040
2039
2043
2044
2077
2131
2167
2189
2175
2158
2147
2143
2144
2155
2168
2178
2184
2169
2149
2124
2095
2078
2058
2049
2043
2049
2054
2055
2065
2093
2131
2144
2143
2139
2138
2135
2138
2138
2140
2153
2173
2187
2168
2147
2102
2071
2031
2021
2030
2041
2083
2230
2415
2491
2489
2478
2448
2425
2422
2418
2408
2398
2387
2383
2397
2405
2384
2312
2206
2134
2097
2083
2081
2094
2124
2252
2425
2484
2477
2470
2451
2434
2430
2426
2415
2406
2394
2391
2404
2411
2391
2318
2213
2141
2105
2091
2089
2103
2133
2262
2435
2495
2488
2480
2462
2445
2441
2437
2427
2418
2406
2402
2416
2424
2403
2330
2225
2153
2116
2102
2100
2114
2144
2272
2445
2505
2498
2491
2472
2455
2452
2448
2437
2428
2416
2413
2427
2434
2413
2340
2235
2162
2125
2111
2109
2122
2152
2279
2451
2515
2508
2495
2474
2455
2446
2433
2394
2376
2371
2373
2378
2367
2332
2273
2206
2110
2089
2075
2073
2072
2077
2078
2111
2165
2201
2223
2210
2193
2181
2178
2179
2190
2203
2213
2220
2204
2185
2160
2131
2114
2093
2085
2079
2085
2089
2091
2100
2128
2166
2179
2178
2174
2173
2169
2173
2173
2175
2188
2208
2223
2204
2182
2138
