1297.074
1278.755
1294.479
1265.522
1263.013
1357.314
2101.615
2666.339
2809.744
2887.658
2974.296
3019.02
3033.891
3082.038
3090.633
3078.271
3000.866
3002.633
2943.038
2913.314
2806.504
2629.142
2376.099
2125.289
1355.074
1244.755
1169.479
1116.522
1084.013
1147.995
1822.615
2319.339
2400.744
2448.658
2511.296
2538.02
2571.891
2641.038
2666.633
2669.271
2616.866
2646.633
2606.038
2603.314
2536.504
2367.142
2123.099
1880.289
1112.074
1006.755
938.479
900.522
892.013
988.995
1672.615
2173.339
2271.744
2214.658
2165.296
2099.02
2020.891
1955.038
1889.633
1836.271
1787.866
1840.633
1853.038
1862.633
1849.504
1716.142
1537.099
1378.289
668.952
591.823
548.823
552.504
569.719
618.529
1097.21
857.572
1107.253
1270.572
1352.529
1376.081
1333.676
1289.59
1222.59
1229.952
1274.038
1364.443
1450.21
1517.891
1542.253
1443.934
1308.891
1171.167
1076.952
1016.823
990.142
988.504
1008.719
1038.529
1081.21
1183.572
1385.253
1578.572
1697.529
1775.081
1821.676
1841.59
1839.271
1832.952
1869.038
1960.443
2066.21
2161.891
2160.253
2021.934
1832.891
1667.167
1571.038
1516.4
1505.719
1513.185
1527.4
1654.425
1960.579
2273.432
2411.518
2460.518
2502.199
2504.285
2470.432
2484.898
2461.812
2431.769
2338.898
2337.622
2316.708
2337.389
2298.855
2165.554
1953.425
1742.02
1617.038
1551.4
1521.719
1545.185
1583.081
1722.425
2043.579
2387.432
2514.518
2581.518
2653.199
2675.285
2663.432
2679.898
2655.812
2630.769
2544.898
2547.622
2529.708
2555.389
2518.855
2387.554
2180.106
1972.02
1852.038
1791.4
1766.719
1765.185
1782.081
1895.425
2189.579
2503.432
2600.518
2627.199
2664.199
2661.285
2630.432
2635.898
2013.812
1991.769
1917.898
1939.622
1949.708
2003.389
1990.855
1863.554
1653.425
1444.02
1328.038
1273.4
1251.719
1257.185
1276.081
1394.425
1698.579
2023.432
2132.518
2138.199
2149.199
2120.285
2066.432
2054.898
2015.812
1994.769
1919.898
1942.622
1952.708
2005.07
1992.855
1864.235
1653.106
1445.02
1328.038
1273.4
1253.719
1258.185
1277.081
1394.425
1699.579
2019.432
2135.518
2146.199
2138.199
2090.285
2007.432
1930.579
1853.812
1793.769
1734.898
1777.622
1791.708
1795.07
1769.536
1660.235
1495.106
1345.02
1245.364
1168.683
1124.045
1115.002
1115.002
1137.683
1186.769
1306.45
1510.726
1649.64
1692.959
1670.597
1624.554
1576.192
1512.511
1482.511
1500.83
1565.554
1634.278
1681.321
1682.64
1574.64
1424.64
1275.278
1166.364
1098.364
1065.045
1052.002
1058.002
1072.683
1096.769
1182.45
1365.726
1501.64
1555.959
1566.597
1552.554
1522.511
1483.83
1467.511
1502.83
1598.873
1716.278
1825.321
1832.64
1696.64
1502.959
1335.597
1251.038
1204.4
1198.719
1214.185
1232.4
1363.425
1677.579
1995.432
2138.518
2157.518
2163.199
2130.285
2063.432
2051.898
2011.812
1990.769
1916.898
1939.622
1948.708
2002.389
1989.855
1861.554
1650.425
1441.02
1324.038
1268.4
1247.719
1252.185
1270.081
1388.425
1693.579
2018.432
2126.518
2132.518
2144.199
2116.285
2062.432
2051.898
2012.812
1992.769
1919.898
1942.622
1953.708
2007.389
1995.855
1868.554
1658.106
1449.02
1334.038
1279.4
1259.719
1265.185
1284.081
1402.425
1707.579
2034.432
2142.518
2148.199
2160.199
2132.285
2077.432
2065.898
2026.812
2004.769
1931.898
1953.622
1963.708
2017.389
2004.855
1876.554
1665.425
1457.02
1340.038
1284.4
1264.719
1269.185
1287.081
1405.425
1709.579
2034.432
2142.518
2147.199
2158.199
2129.285
2074.432
2062.898
2021.812
2000.769
1926.898
1948.622
1957.708
2010.07
2597.855
2468.235
2258.106
2050.02
1333.038
1278.4
1258.719
1264.185
1282.081
1400.425
2105.579
2626.432
2741.518
2752.199
2744.199
2696.285
2610.432
2534.579
2457.812
2395.769
2337.898
2381.622
2394.708
2399.07
2374.536
2263.235
2099.106
1950.02
1852.364
1774.683
1731.045
1722.002
1720.002
1742.683
2190.769
2509.45
2712.726
2850.64
2892.959
2870.597
2490.554
1575.192
1703.511
1882.511
1937.83
2764.554
2833.278
2882.321
2882.64
2774.64
2624.64
2474.278
1766.364
1697.364
1662.045
1649.002
1655.002
1668.683
2092.769
2376.45
2559.726
2694.64
2747.959
2319.597
1776.554
1512.511
1473.83
1458.511
1493.83
2791.873
2909.278
3018.321
3026.64
2890.64
2695.959
2529.597
1436.468
1271.83
1412.149
1434.615
1214.83
1697.855
2676.009
3194.862
3323.948
2742.948
2748.629
2716.715
3018.862
2932.328
2861.242
2886.199
2942.328
2735.052
3012.138
3052.819
2820.285
3020.984
2862.855
2454.45
1938.468
1883.83
1864.149
1867.615
1886.511
2004.855
2709.009
3220.862
2781.948
2731.948
2742.629
2713.715
2720.862
2646.328
2607.242
2647.199
2653.328
2661.052
2670.138
2706.819
2677.285
2740.984
2719.536
2454.45
1937.468
1881.83
1861.149
1865.615
1882.511
2000.855
2705.009
2657.862
2720.948
2726.629
2736.629
2706.715
2652.862
2641.328
2602.242
2581.199
2508.328
2533.052
2557.138
2599.819
2588.285
2548.984
2550.855
2456.45
1940.468
1885.83
1865.149
1870.615
1888.511
2005.855
2710.009
2633.862
2725.948
2730.629
2739.629
2709.715
2654.862
2643.328
2602.242
2581.199
2508.328
2619.052
2630.138
2909.5
2951.285
2953.665
2747.536
2268.45
1703.468
1642.83
1640.149
1666.615
1711.511
1898.855
2706.009
3224.862
3340.948
3350.629
3341.629
3223.715
2996.862
2823.009
2731.242
2737.199
2789.328
2956.052
2997.138
3002.5
2977.966
2868.665
2656.536
2236.45
1709.794
1622.113
1594.475
1612.432
1648.432
1563.113
1670.199
2271.88
2409.156
2547.07
2588.389
2565.027
2317.984
2128.622
1682.941
2254.941
2281.26
2633.984
2770.708
2789.751
2700.07
2499.07
2313.07
1935.708
1164.794
1281.794
1246.475
1254.432
1306.432
1383.113
1317.199
1880.88
2122.156
2319.07
2409.389
2356.027
2342.984
2237.941
1775.26
1758.941
2144.26
2498.303
2625.708
2735.751
2745.07
2565.07
2413.389
2113.027
