1710
1673
1657
1662
1673
1702
1790
1931
1977
1977
1970
1958
1952
1927
1937
1944
1933
1918
1912
1931
1950
1936
1896
1821
1760
1724
1709
1714
1725
1755
1843
1983
2028
2028
2021
2008
2003
1977
1987
1993
1981
1964
1955
1971
1987
1970
1927
1848
1784
1744
1725
1727
1734
1760
1844
1989
2039
2044
2034
2014
2003
1992
1984
1968
1960
1956
1955
1971
1959
1932
1884
1832
1795
1752
1735
1726
1727
1739
1761
1788
1853
1921
1959
1960
1934
1914
1901
1896
1898
1920
1931
1938
1923
1905
1851
1812
1782
1751
1741
1740
1737
1732
1744
1759
1808
1863
1908
1916
1915
1911
1911
1908
1921
1915
1919
1961
1984
1973
1919
1857
1806
1776
1758
1766
1773
1812
1899
2025
2066
2051
2051
2030
2022
1996
2004
2009
1997
1980
1971
1988
2005
1989
1947
1869
1805
1766
1748
1751
1759
1786
1872
2010
2054
2053
2044
2030
2024
1998
2008
2013
2001
1985
1977
1994
2011
1995
1954
1876
1812
1773
1756
1758
1767
1794
1880
2018
2061
2060
2051
2037
2032
2006
2017
2023
2011
1996
1988
2007
2024
2009
1968
1891
1827
1789
1771
1775
1783
1811
1897
2035
2078
2077
2069
2055
2049
2024
2034
2039
2028
2012
2004
2022
2040
2024
1983
1906
1842
1803
1786
1789
1798
1825
1911
2057
2109
2115
2106
2087
2076
2065
2057
2041
2034
2029
2029
2044
2033
2006
1958
1907
1871
1830
1813
1805
1805
1817
1840
1866
1930
1998
2036
2037
2012
1994
1982
1977
1979
2002
2012
2019
2003
1985
1930
1891
1860
1829
1818
1816
1812
1806
1818
1831
1880
1934
1979
1986
1986
1982
1982
1980
1993
1987
1992
2034
2057
2046
1991
1930
1877
1846
1828
1834
1840
1877
1963
2087
2127
2111
2110
2089
2080
2053
2062
2067
2054
2038
2029
2047
2063
2047
2005
1927
1864
1824
1806
1809
1817
1844
1930
2068
2111
2110
2101
2087
2080
2054
2063
2068
2056
2039
2031
2048
2065
2049
2007
1930
1866
1827
1810
1813
1822
1850
1937
2076
2119
2119
2110
2097
2091
2065
2074
2080
2068
2052
2043
2061
2078
2062
2021
1943
1880
1841
1824
1827
1835
1863
1949
2087
2131
2130
2121
2107
2100
2074
2083
2088
2075
2059
2050
2067
2084
2068
2025
1947
1883
1844
1826
1828
1837
1863
1949
2094
2146
2151
2141
2122
2111
2100
2092
2076
2069
2064
2064
2080
2069
2041
1994
1942
1907
1865
1848
1840
1840
1852
1874
1900
1964
2032
2070
2071
2046
2027
2016
2011
2014
2036
2047
2055
2039
2021
1967
1927
1897
1865
1855
1853
1849
1843
1855
1868
1917
1971
2016
2023
2022
2019
2019
2017
2029
2023
2028
2069
2092
2081
2026
1964
1910
1879
1860
1867
1874
1911
1997
2122
2162
2147
2146
2125
2117
2091
2100
2106
2094
2078
2069
2087
2104
2088
2047
1969
1906
1867
1849
1852
1860
1888
1974
2112
2155
2154
2145
2131
2125
2099
2108
2113
2101
2085
2076
2094
2111
2095
2053
1976
1912
1874
1856
1859
1868
1896
1982
2121
2164
2163
2155
2141
2135
2108
2118
2123
2111
2095
2086
2104
2121
2105
2063
1986
1922
1883
1866
1869
1877
1905
1991
2129
2172
2171
2163
2149
2143
2117
2126
2131
2119
2103
2095
2112
2129
2113
2071
1994
1930
1891
1873
1876
1884
1911
1997
2143
2194
2199
2190
2171
2160
2149
2141
2125
2117
2113
2112
2128
2117
2089
2042
1990
1956
1915
1898
1890
1890
1902
1924
1950
2015
2083
2121
2123
2098
2079
2068
2064
2066
2089
2100
2108
2092
2074
2020
1981
1950
1919
1908
1906
1903
1896
1908
1921
1969
2023
2068
2075
2075
2071
2071
2069
2082
2076
2080
2122
2145
2135
2080
2018
