1724
1696
1679
1683
1698
1732
1811
1950
1977
1956
1950
1946
1930
1949
1940
1941
1928
1917
1921
1950
1963
1956
1902
1823
1759
1731
1714
1717
1731
1766
1845
1984
2012
1992
1986
1982
1966
1986
1977
1977
1964
1953
1957
1985
1998
1990
1935
1855
1790
1761
1742
1743
1755
1788
1866
1994
2032
2028
1998
1975
1945
1914
1913
1907
1878
1879
1897
1917
1919
1898
1844
1789
1729
1699
1692
1688
1684
1689
1712
1735
1771
1805
1823
1817
1799
1788
1783
1780
1786
1797
1817
1841
1838
1824
1786
1750
1728
1718
1711
1708
1704
1705
1706
1722
1754
1787
1795
1805
1794
1787
1789
1803
1804
1814
1836
1860
1875
1886
1858
1822
1819
1787
1786
1785
1795
1847
1936
2070
2130
2116
2078
2054
2027
2046
2037
2036
2022
2010
2014
2041
2053
2045
1990
1911
1846
1817
1799
1801
1814
1848
1926
2064
2091
2070
2063
2057
2040
2059
2049
2048
2033
2021
2024
2051
2063
2055
2000
1920
1855
1826
1808
1810
1823
1856
1935
2073
2100
2078
2071
2066
2049
2068
2058
2057
2043
2031
2034
2061
2074
2066
2011
1931
1867
1837
1819
1821
1834
1867
1945
2083
2109
2088
2081
2076
2059
2079
2070
2069
2055
2044
2048
2075
2088
2080
2025
1946
1882
1853
1834
1836
1849
1883
1961
2089
2128
2124
2094
2072
2042
2011
2011
2005
1976
1978
1996
2017
2019
1999
1946
1891
1798
1768
1762
1759
1755
1761
1785
1809
1846
1881
1898
1893
1875
1864
1858
1854
1861
1871
1891
1915
1912
1898
1861
1824
1801
1792
1785
1782
1777
1779
1779
1796
1827
1860
1868
1878
1867
1860
1861
1875
1876
1885
1907
1931
1953
1970
1948
1918
1898
1873
1878
1883
1898
1949
2038
2171
2230
2215
2177
2152
2125
2144
2134
2133
2119
2107
2110
2137
2149
2140
2085
2005
1940
1910
1892
1893
1905
1939
2016
2153
2179
2157
2150
2145
2127
2146
2136
2134
2120
2107
2110
2137
2149
2140
2085
2005
1940
1911
1892
1894
1907
1940
2019
2156
2183
2161
2155
2150
2133
2152
2143
2142
2128
2116
2119
2147
2159
2151
2096
2017
1952
1923
1904
1906
1919
1953
2031
2169
2195
2173
2166
2161
2144
2163
2154
2153
2139
2127
2130
2157
2169
2161
2106
2026
1960
1931
1912
1913
1926
1959
2037
2165
2203
2199
2168
2145
2114
2082
2081
2074
2045
2046
2062
2082
2084
2062
2009
1954
1839
1809
1802
1798
1794
1799
1823
1846
1883
1918
1935
1928
1911
1899
1893
1889
1895
1905
1925
1948
1944
1930
1892
1856
1833
1823
1816
1812
1808
1809
1809
1826
1857
1889
1897
1907
1895
1888
1889
1902
1903
1912
1934
1958
1980
1998
1977
1949
1931
1907
1913
1920
1937
1989
2078
2211
2271
2256
2218
2194
2167
2186
2176
2176
2162
2150
2153
2180
2193
2184
2129
2049
1984
1955
1936
1937
1950
1983
2061
2198
2225
2203
2196
2191
2173
2192
2183
2182
2168
2156
2159
2186
2199
2190
2135
2055
1990
1960
1942
1943
1956
1989
2067
2204
2230
2208
2201
2196
2178
2197
2187
2187
2172
2160
2163
2190
2203
2194
2139
2059
1995
1965
1947
1949
1962
1995
2073
2211
2237
2215
2208
2203
2186
2205
2195
2194
2180
2168
2171
2198
2210
2202
2147
2067
2002
1972
1953
1955
1968
2001
2078
2207
2245
2241
2211
2188
2157
2126
2125
2118
2089
2090
2107
2127
2129
2108
2054
1999
1870
1840
1833
1829
1826
1831
1855
1878
1914
1949
1966
1960
1942
1931
1925
1921
1927
1938
1957
1981
1977
1963
1926
1889
1866
1856
1849
1846
1841
1842
1843
1859
1890
1923
1930
1940
1928
1921
1922
1935
1936
1945
1967
1991
2015
2034
2015
1989
