900
805
744
201
850
988
1259
954
849
743
925
1379
1090
1073
1110
1267
1207
1238
1164
1059
957
887
1227
1038
959
910
893
888
902
987
1188
1400
1503
1519
1539
1516
1490
1455
1400
1371
1379
1481
1446
1380
1324
1205
1027
855
731
641
592
581
592
676
866
1070
1164
1198
1235
1234
1224
1206
1162
1129
1150
1260
1247
1178
1120
1046
938
839
801
745
715
732
764
823
891
1026
1205
1307
1375
1396
1360
699
1273
1280
1320
1425
1451
1425
1411
1362
1275
1193
1133
1083
1060
1056
1058
1081
1113
1201
1347
1416
1451
1446
1260
814
780
816
1010
1622
1695
1704
1701
1643
1524
1420
1330
1298
1295
1315
1351
1457
1672
1115
1229
1266
1304
1305
1315
1320
1300
1257
1248
1332
1701
1680
1644
1641
1683
1601
1518
1466
1445
1445
1464
1553
1678
1164
1257
1301
1344
1340
1351
1349
1325
1282
1275
1261
1233
1177
1123
1666
1706
1616
1527
1467
1440
1432
1440
1517
1630
1632
1746
1581
1679
1717
1681
1868
1505
1487
1450
1423
1380
1369
1341
1342
1379
1292
1208
1156
1134
1136
1156
1246
1375
1384
1509
1546
1632
1662
1620
1603
1510
1494
1455
1424
1388
1381
1350
1344
1382
1292
1208
1157
1135
1137
1156
1248
1386
1396
1526
1560
1645
1673
1630
1609
1515
1493
1457
1428
1382
1377
1341
1339
1385
1298
1255
1199
1164
1152
1149
1170
1198
1289
1423
1505
1549
1548
1527
1495
1394
1378
1350
1345
1344
1325
1304
1317
1321
1310
1241
1188
1157
1145
1139
1154
1174
1238
1368
1419
1507
1514
924
909
381
614
930
1309
1288
1321
1610
1536
1400
1278
1175
1133
1116
1120
1142
1235
1436
1646
1744
1764
1784
1768
1765
1761
1738
1697
1694
1783
1762
1714
1671
1586
1435
1286
1201
1151
1129
1130
1150
1241
1431
1628
1716
1745
1774
1760
1763
1759
1737
1696
1693
1783
1762
1714
1672
1588
1437
1288
1203
1153
1131
1133
1153
1243
1434
1631
1718
1748
1776
1762
1765
1761
1739
1698
1695
1746
1711
1710
1673
1588
1438
1288
1204
1153
1131
1131
1151
1241
1432
1630
1718
1747
1774
1760
1763
1759
1737
1696
1693
1782
1761
1713
1671
1586
1435
1285
1200
1150
1127
1129
1149
1239
1430
1629
1718
1745
1773
1762
1743
1720
1676
1638
1644
1716
1715
1655
1602
1523
1403
1292
1249
1192
1158
1145
1141
1163
1190
1281
1415
1497
1542
1540
939
773
673
662
627
1594
1610
1571
1547
1489
1392
1300
1231
1178
1148
1135
1130
1144
1165
1238
1368
1451
1497
919
781
313
304
299
332
1614
1651
1629
1600
1525
1390
1267
1165
1123
1106
1111
1132
1226
1426
1638
1735
1755
1774
1759
1755
1751
1729
1689
1686
1775
1755
1707
1666
1582
1431
1281
1197
1148
1125
1127
1146
1237
1427
1625
1711
1741
1768
1755
1758
1753
1732
1691
1688
1778
1756
1708
1666
1581
1430
1280
1195
1144
1121
1122
1142
1232
1423
1619
1707
1737
1765
1751
1754
1750
1728
1688
1685
1735
1701
1702
1665
1580
1430
1280
1195
1145
1122
1124
1143
1233
1424
1621
1708
1737
1765
1750
1754
1749
1727
1686
1683
1773
1752
1704
1663
1578
1428
1277
1193
1143
1120
1122
1142
1232
1422
1622
1711
1737
1764
1753
1734
1711
1667
1629
1635
1706
1706
1646
1594
1515
1395
1284
1241
1185
1150
1138
1133
1155
1182
1273
1407
1489
1532
1530
929
762
663
652
617
1585
1600
1563
1540
1483
1386
1294
1225
1172
1143
1130
1125
1140
1160
1232
1362
1446
1491
913
775
308
298
294
328
1609
1647
1625
1595
1521
1386
1263
